Log of events
-------------------------------------------------------------------
Number of Clients: 50
Number of Queues: 5
Time of simulation: 60 seconds
[tArrivalMin, tArrivalMax] = [2, 40]
[tServiceMin, tServiceMax] = [1, 7]
Selected strategy: Shortest Waiting Time
-------------------------------------------------------------------
Time: 0
Waiting clients: (22, 2, 4)
(31, 6, 4)
(2, 8, 5)
(25, 8, 2)
(47, 8, 4)
(19, 9, 4)
(6, 10, 5)
(20, 10, 5)
(26, 10, 5)
(28, 10, 1)
(12, 11, 3)
(29, 12, 5)
(49, 13, 3)
(40, 14, 4)
(43, 15, 1)
(13, 16, 3)
(30, 16, 3)
(37, 17, 1)
(21, 18, 5)
(9, 21, 4)
(10, 23, 6)
(3, 24, 1)
(7, 24, 2)
(14, 24, 6)
(35, 24, 1)
(45, 24, 1)
(46, 24, 3)
(1, 25, 6)
(16, 25, 5)
(4, 26, 2)
(23, 26, 6)
(34, 26, 1)
(44, 26, 3)
(8, 27, 1)
(32, 27, 5)
(41, 27, 3)
(27, 28, 6)
(48, 28, 2)
(24, 29, 6)
(11, 30, 3)
(15, 30, 1)
(39, 30, 4)
(17, 33, 1)
(5, 35, 3)
(38, 35, 1)
(42, 35, 1)
(50, 35, 2)
(18, 37, 4)
(36, 37, 1)
(33, 38, 1)
___
Q1: closed
^^^
Q2: closed
^^^
Q3: closed
^^^
Q4: closed
^^^
Q5: closed
^^^
-----------------------------------------------------------------------------------------------------------------
Time: 1
Waiting clients: (22, 2, 4)
(31, 6, 4)
(2, 8, 5)
(25, 8, 2)
(47, 8, 4)
(19, 9, 4)
(6, 10, 5)
(20, 10, 5)
(26, 10, 5)
(28, 10, 1)
(12, 11, 3)
(29, 12, 5)
(49, 13, 3)
(40, 14, 4)
(43, 15, 1)
(13, 16, 3)
(30, 16, 3)
(37, 17, 1)
(21, 18, 5)
(9, 21, 4)
(10, 23, 6)
(3, 24, 1)
(7, 24, 2)
(14, 24, 6)
(35, 24, 1)
(45, 24, 1)
(46, 24, 3)
(1, 25, 6)
(16, 25, 5)
(4, 26, 2)
(23, 26, 6)
(34, 26, 1)
(44, 26, 3)
(8, 27, 1)
(32, 27, 5)
(41, 27, 3)
(27, 28, 6)
(48, 28, 2)
(24, 29, 6)
(11, 30, 3)
(15, 30, 1)
(39, 30, 4)
(17, 33, 1)
(5, 35, 3)
(38, 35, 1)
(42, 35, 1)
(50, 35, 2)
(18, 37, 4)
(36, 37, 1)
(33, 38, 1)
___
Q1: closed
^^^
Q2: closed
^^^
Q3: closed
^^^
Q4: closed
^^^
Q5: closed
^^^
-----------------------------------------------------------------------------------------------------------------
Time: 2
Waiting clients: (31, 6, 4)
(2, 8, 5)
(25, 8, 2)
(47, 8, 4)
(19, 9, 4)
(6, 10, 5)
(20, 10, 5)
(26, 10, 5)
(28, 10, 1)
(12, 11, 3)
(29, 12, 5)
(49, 13, 3)
(40, 14, 4)
(43, 15, 1)
(13, 16, 3)
(30, 16, 3)
(37, 17, 1)
(21, 18, 5)
(9, 21, 4)
(10, 23, 6)
(3, 24, 1)
(7, 24, 2)
(14, 24, 6)
(35, 24, 1)
(45, 24, 1)
(46, 24, 3)
(1, 25, 6)
(16, 25, 5)
(4, 26, 2)
(23, 26, 6)
(34, 26, 1)
(44, 26, 3)
(8, 27, 1)
(32, 27, 5)
(41, 27, 3)
(27, 28, 6)
(48, 28, 2)
(24, 29, 6)
(11, 30, 3)
(15, 30, 1)
(39, 30, 4)
(17, 33, 1)
(5, 35, 3)
(38, 35, 1)
(42, 35, 1)
(50, 35, 2)
(18, 37, 4)
(36, 37, 1)
(33, 38, 1)
___
Q1: (22, 2, 4)
^^^
Q2: closed
^^^
Q3: closed
^^^
Q4: closed
^^^
Q5: closed
^^^
-----------------------------------------------------------------------------------------------------------------
Time: 3
Waiting clients: (31, 6, 4)
(2, 8, 5)
(25, 8, 2)
(47, 8, 4)
(19, 9, 4)
(6, 10, 5)
(20, 10, 5)
(26, 10, 5)
(28, 10, 1)
(12, 11, 3)
(29, 12, 5)
(49, 13, 3)
(40, 14, 4)
(43, 15, 1)
(13, 16, 3)
(30, 16, 3)
(37, 17, 1)
(21, 18, 5)
(9, 21, 4)
(10, 23, 6)
(3, 24, 1)
(7, 24, 2)
(14, 24, 6)
(35, 24, 1)
(45, 24, 1)
(46, 24, 3)
(1, 25, 6)
(16, 25, 5)
(4, 26, 2)
(23, 26, 6)
(34, 26, 1)
(44, 26, 3)
(8, 27, 1)
(32, 27, 5)
(41, 27, 3)
(27, 28, 6)
(48, 28, 2)
(24, 29, 6)
(11, 30, 3)
(15, 30, 1)
(39, 30, 4)
(17, 33, 1)
(5, 35, 3)
(38, 35, 1)
(42, 35, 1)
(50, 35, 2)
(18, 37, 4)
(36, 37, 1)
(33, 38, 1)
___
Q1: (22, 2, 3)
^^^
Q2: closed
^^^
Q3: closed
^^^
Q4: closed
^^^
Q5: closed
^^^
-----------------------------------------------------------------------------------------------------------------
Time: 4
Waiting clients: (31, 6, 4)
(2, 8, 5)
(25, 8, 2)
(47, 8, 4)
(19, 9, 4)
(6, 10, 5)
(20, 10, 5)
(26, 10, 5)
(28, 10, 1)
(12, 11, 3)
(29, 12, 5)
(49, 13, 3)
(40, 14, 4)
(43, 15, 1)
(13, 16, 3)
(30, 16, 3)
(37, 17, 1)
(21, 18, 5)
(9, 21, 4)
(10, 23, 6)
(3, 24, 1)
(7, 24, 2)
(14, 24, 6)
(35, 24, 1)
(45, 24, 1)
(46, 24, 3)
(1, 25, 6)
(16, 25, 5)
(4, 26, 2)
(23, 26, 6)
(34, 26, 1)
(44, 26, 3)
(8, 27, 1)
(32, 27, 5)
(41, 27, 3)
(27, 28, 6)
(48, 28, 2)
(24, 29, 6)
(11, 30, 3)
(15, 30, 1)
(39, 30, 4)
(17, 33, 1)
(5, 35, 3)
(38, 35, 1)
(42, 35, 1)
(50, 35, 2)
(18, 37, 4)
(36, 37, 1)
(33, 38, 1)
___
Q1: (22, 2, 2)
^^^
Q2: closed
^^^
Q3: closed
^^^
Q4: closed
^^^
Q5: closed
^^^
-----------------------------------------------------------------------------------------------------------------
Time: 5
Waiting clients: (31, 6, 4)
(2, 8, 5)
(25, 8, 2)
(47, 8, 4)
(19, 9, 4)
(6, 10, 5)
(20, 10, 5)
(26, 10, 5)
(28, 10, 1)
(12, 11, 3)
(29, 12, 5)
(49, 13, 3)
(40, 14, 4)
(43, 15, 1)
(13, 16, 3)
(30, 16, 3)
(37, 17, 1)
(21, 18, 5)
(9, 21, 4)
(10, 23, 6)
(3, 24, 1)
(7, 24, 2)
(14, 24, 6)
(35, 24, 1)
(45, 24, 1)
(46, 24, 3)
(1, 25, 6)
(16, 25, 5)
(4, 26, 2)
(23, 26, 6)
(34, 26, 1)
(44, 26, 3)
(8, 27, 1)
(32, 27, 5)
(41, 27, 3)
(27, 28, 6)
(48, 28, 2)
(24, 29, 6)
(11, 30, 3)
(15, 30, 1)
(39, 30, 4)
(17, 33, 1)
(5, 35, 3)
(38, 35, 1)
(42, 35, 1)
(50, 35, 2)
(18, 37, 4)
(36, 37, 1)
(33, 38, 1)
___
Q1: (22, 2, 1)
^^^
Q2: closed
^^^
Q3: closed
^^^
Q4: closed
^^^
Q5: closed
^^^
-----------------------------------------------------------------------------------------------------------------
Time: 6
Waiting clients: (2, 8, 5)
(25, 8, 2)
(47, 8, 4)
(19, 9, 4)
(6, 10, 5)
(20, 10, 5)
(26, 10, 5)
(28, 10, 1)
(12, 11, 3)
(29, 12, 5)
(49, 13, 3)
(40, 14, 4)
(43, 15, 1)
(13, 16, 3)
(30, 16, 3)
(37, 17, 1)
(21, 18, 5)
(9, 21, 4)
(10, 23, 6)
(3, 24, 1)
(7, 24, 2)
(14, 24, 6)
(35, 24, 1)
(45, 24, 1)
(46, 24, 3)
(1, 25, 6)
(16, 25, 5)
(4, 26, 2)
(23, 26, 6)
(34, 26, 1)
(44, 26, 3)
(8, 27, 1)
(32, 27, 5)
(41, 27, 3)
(27, 28, 6)
(48, 28, 2)
(24, 29, 6)
(11, 30, 3)
(15, 30, 1)
(39, 30, 4)
(17, 33, 1)
(5, 35, 3)
(38, 35, 1)
(42, 35, 1)
(50, 35, 2)
(18, 37, 4)
(36, 37, 1)
(33, 38, 1)
___
Q1: (22, 2, 0)
^^^
Q2: (31, 6, 4)
^^^
Q3: closed
^^^
Q4: closed
^^^
Q5: closed
^^^
-----------------------------------------------------------------------------------------------------------------
Time: 7
Waiting clients: (2, 8, 5)
(25, 8, 2)
(47, 8, 4)
(19, 9, 4)
(6, 10, 5)
(20, 10, 5)
(26, 10, 5)
(28, 10, 1)
(12, 11, 3)
(29, 12, 5)
(49, 13, 3)
(40, 14, 4)
(43, 15, 1)
(13, 16, 3)
(30, 16, 3)
(37, 17, 1)
(21, 18, 5)
(9, 21, 4)
(10, 23, 6)
(3, 24, 1)
(7, 24, 2)
(14, 24, 6)
(35, 24, 1)
(45, 24, 1)
(46, 24, 3)
(1, 25, 6)
(16, 25, 5)
(4, 26, 2)
(23, 26, 6)
(34, 26, 1)
(44, 26, 3)
(8, 27, 1)
(32, 27, 5)
(41, 27, 3)
(27, 28, 6)
(48, 28, 2)
(24, 29, 6)
(11, 30, 3)
(15, 30, 1)
(39, 30, 4)
(17, 33, 1)
(5, 35, 3)
(38, 35, 1)
(42, 35, 1)
(50, 35, 2)
(18, 37, 4)
(36, 37, 1)
(33, 38, 1)
___
Q1: closed
^^^
Q2: (31, 6, 4)
^^^
Q3: closed
^^^
Q4: closed
^^^
Q5: closed
^^^
-----------------------------------------------------------------------------------------------------------------
Time: 8
Waiting clients: (19, 9, 4)
(6, 10, 5)
(20, 10, 5)
(26, 10, 5)
(28, 10, 1)
(12, 11, 3)
(29, 12, 5)
(49, 13, 3)
(40, 14, 4)
(43, 15, 1)
(13, 16, 3)
(30, 16, 3)
(37, 17, 1)
(21, 18, 5)
(9, 21, 4)
(10, 23, 6)
(3, 24, 1)
(7, 24, 2)
(14, 24, 6)
(35, 24, 1)
(45, 24, 1)
(46, 24, 3)
(1, 25, 6)
(16, 25, 5)
(4, 26, 2)
(23, 26, 6)
(34, 26, 1)
(44, 26, 3)
(8, 27, 1)
(32, 27, 5)
(41, 27, 3)
(27, 28, 6)
(48, 28, 2)
(24, 29, 6)
(11, 30, 3)
(15, 30, 1)
(39, 30, 4)
(17, 33, 1)
(5, 35, 3)
(38, 35, 1)
(42, 35, 1)
(50, 35, 2)
(18, 37, 4)
(36, 37, 1)
(33, 38, 1)
___
Q1: (2, 8, 5)
^^^
Q2: (31, 6, 3)
^^^
Q3: (25, 8, 2)
^^^
Q4: (47, 8, 4)
^^^
Q5: closed
^^^
-----------------------------------------------------------------------------------------------------------------
Time: 9
Waiting clients: (6, 10, 5)
(20, 10, 5)
(26, 10, 5)
(28, 10, 1)
(12, 11, 3)
(29, 12, 5)
(49, 13, 3)
(40, 14, 4)
(43, 15, 1)
(13, 16, 3)
(30, 16, 3)
(37, 17, 1)
(21, 18, 5)
(9, 21, 4)
(10, 23, 6)
(3, 24, 1)
(7, 24, 2)
(14, 24, 6)
(35, 24, 1)
(45, 24, 1)
(46, 24, 3)
(1, 25, 6)
(16, 25, 5)
(4, 26, 2)
(23, 26, 6)
(34, 26, 1)
(44, 26, 3)
(8, 27, 1)
(32, 27, 5)
(41, 27, 3)
(27, 28, 6)
(48, 28, 2)
(24, 29, 6)
(11, 30, 3)
(15, 30, 1)
(39, 30, 4)
(17, 33, 1)
(5, 35, 3)
(38, 35, 1)
(42, 35, 1)
(50, 35, 2)
(18, 37, 4)
(36, 37, 1)
(33, 38, 1)
___
Q1: (2, 8, 4)
^^^
Q2: (31, 6, 2)
^^^
Q3: (25, 8, 1)
^^^
Q4: (47, 8, 4)
^^^
Q5: (19, 9, 4)
^^^
-----------------------------------------------------------------------------------------------------------------
Time: 10
Waiting clients: (12, 11, 3)
(29, 12, 5)
(49, 13, 3)
(40, 14, 4)
(43, 15, 1)
(13, 16, 3)
(30, 16, 3)
(37, 17, 1)
(21, 18, 5)
(9, 21, 4)
(10, 23, 6)
(3, 24, 1)
(7, 24, 2)
(14, 24, 6)
(35, 24, 1)
(45, 24, 1)
(46, 24, 3)
(1, 25, 6)
(16, 25, 5)
(4, 26, 2)
(23, 26, 6)
(34, 26, 1)
(44, 26, 3)
(8, 27, 1)
(32, 27, 5)
(41, 27, 3)
(27, 28, 6)
(48, 28, 2)
(24, 29, 6)
(11, 30, 3)
(15, 30, 1)
(39, 30, 4)
(17, 33, 1)
(5, 35, 3)
(38, 35, 1)
(42, 35, 1)
(50, 35, 2)
(18, 37, 4)
(36, 37, 1)
(33, 38, 1)
___
Q1: (2, 8, 3)
^^^
Q2: (31, 6, 0)
(20, 10, 5)
^^^
Q3: (25, 8, 0)
(6, 10, 5)
^^^
Q4: (47, 8, 2)
(26, 10, 5)
^^^
Q5: (19, 9, 3)
(28, 10, 1)
^^^
-----------------------------------------------------------------------------------------------------------------
Time: 11
Waiting clients: (29, 12, 5)
(49, 13, 3)
(40, 14, 4)
(43, 15, 1)
(13, 16, 3)
(30, 16, 3)
(37, 17, 1)
(21, 18, 5)
(9, 21, 4)
(10, 23, 6)
(3, 24, 1)
(7, 24, 2)
(14, 24, 6)
(35, 24, 1)
(45, 24, 1)
(46, 24, 3)
(1, 25, 6)
(16, 25, 5)
(4, 26, 2)
(23, 26, 6)
(34, 26, 1)
(44, 26, 3)
(8, 27, 1)
(32, 27, 5)
(41, 27, 3)
(27, 28, 6)
(48, 28, 2)
(24, 29, 6)
(11, 30, 3)
(15, 30, 1)
(39, 30, 4)
(17, 33, 1)
(5, 35, 3)
(38, 35, 1)
(42, 35, 1)
(50, 35, 2)
(18, 37, 4)
(36, 37, 1)
(33, 38, 1)
___
Q1: (2, 8, 2)
(12, 11, 3)
^^^
Q2: (20, 10, 5)
^^^
Q3: (6, 10, 5)
^^^
Q4: (47, 8, 1)
(26, 10, 5)
^^^
Q5: (19, 9, 2)
(28, 10, 1)
^^^
-----------------------------------------------------------------------------------------------------------------
Time: 12
Waiting clients: (49, 13, 3)
(40, 14, 4)
(43, 15, 1)
(13, 16, 3)
(30, 16, 3)
(37, 17, 1)
(21, 18, 5)
(9, 21, 4)
(10, 23, 6)
(3, 24, 1)
(7, 24, 2)
(14, 24, 6)
(35, 24, 1)
(45, 24, 1)
(46, 24, 3)
(1, 25, 6)
(16, 25, 5)
(4, 26, 2)
(23, 26, 6)
(34, 26, 1)
(44, 26, 3)
(8, 27, 1)
(32, 27, 5)
(41, 27, 3)
(27, 28, 6)
(48, 28, 2)
(24, 29, 6)
(11, 30, 3)
(15, 30, 1)
(39, 30, 4)
(17, 33, 1)
(5, 35, 3)
(38, 35, 1)
(42, 35, 1)
(50, 35, 2)
(18, 37, 4)
(36, 37, 1)
(33, 38, 1)
___
Q1: (2, 8, 1)
(12, 11, 3)
^^^
Q2: (20, 10, 4)
(29, 12, 5)
^^^
Q3: (6, 10, 4)
^^^
Q4: (47, 8, 0)
(26, 10, 5)
^^^
Q5: (19, 9, 1)
(28, 10, 1)
^^^
-----------------------------------------------------------------------------------------------------------------
Time: 13
Waiting clients: (40, 14, 4)
(43, 15, 1)
(13, 16, 3)
(30, 16, 3)
(37, 17, 1)
(21, 18, 5)
(9, 21, 4)
(10, 23, 6)
(3, 24, 1)
(7, 24, 2)
(14, 24, 6)
(35, 24, 1)
(45, 24, 1)
(46, 24, 3)
(1, 25, 6)
(16, 25, 5)
(4, 26, 2)
(23, 26, 6)
(34, 26, 1)
(44, 26, 3)
(8, 27, 1)
(32, 27, 5)
(41, 27, 3)
(27, 28, 6)
(48, 28, 2)
(24, 29, 6)
(11, 30, 3)
(15, 30, 1)
(39, 30, 4)
(17, 33, 1)
(5, 35, 3)
(38, 35, 1)
(42, 35, 1)
(50, 35, 2)
(18, 37, 4)
(36, 37, 1)
(33, 38, 1)
___
Q1: (2, 8, 0)
(12, 11, 3)
^^^
Q2: (20, 10, 3)
(29, 12, 5)
^^^
Q3: (6, 10, 3)
(49, 13, 3)
^^^
Q4: (26, 10, 5)
^^^
Q5: (19, 9, 0)
(28, 10, 1)
^^^
-----------------------------------------------------------------------------------------------------------------
Time: 14
Waiting clients: (43, 15, 1)
(13, 16, 3)
(30, 16, 3)
(37, 17, 1)
(21, 18, 5)
(9, 21, 4)
(10, 23, 6)
(3, 24, 1)
(7, 24, 2)
(14, 24, 6)
(35, 24, 1)
(45, 24, 1)
(46, 24, 3)
(1, 25, 6)
(16, 25, 5)
(4, 26, 2)
(23, 26, 6)
(34, 26, 1)
(44, 26, 3)
(8, 27, 1)
(32, 27, 5)
(41, 27, 3)
(27, 28, 6)
(48, 28, 2)
(24, 29, 6)
(11, 30, 3)
(15, 30, 1)
(39, 30, 4)
(17, 33, 1)
(5, 35, 3)
(38, 35, 1)
(42, 35, 1)
(50, 35, 2)
(18, 37, 4)
(36, 37, 1)
(33, 38, 1)
___
Q1: (12, 11, 3)
^^^
Q2: (20, 10, 2)
(29, 12, 5)
^^^
Q3: (6, 10, 2)
(49, 13, 3)
^^^
Q4: (26, 10, 4)
^^^
Q5: (28, 10, 1)
(40, 14, 4)
^^^
-----------------------------------------------------------------------------------------------------------------
Time: 15
Waiting clients: (13, 16, 3)
(30, 16, 3)
(37, 17, 1)
(21, 18, 5)
(9, 21, 4)
(10, 23, 6)
(3, 24, 1)
(7, 24, 2)
(14, 24, 6)
(35, 24, 1)
(45, 24, 1)
(46, 24, 3)
(1, 25, 6)
(16, 25, 5)
(4, 26, 2)
(23, 26, 6)
(34, 26, 1)
(44, 26, 3)
(8, 27, 1)
(32, 27, 5)
(41, 27, 3)
(27, 28, 6)
(48, 28, 2)
(24, 29, 6)
(11, 30, 3)
(15, 30, 1)
(39, 30, 4)
(17, 33, 1)
(5, 35, 3)
(38, 35, 1)
(42, 35, 1)
(50, 35, 2)
(18, 37, 4)
(36, 37, 1)
(33, 38, 1)
___
Q1: (12, 11, 2)
(43, 15, 1)
^^^
Q2: (20, 10, 1)
(29, 12, 5)
^^^
Q3: (6, 10, 1)
(49, 13, 3)
^^^
Q4: (26, 10, 3)
^^^
Q5: (28, 10, 0)
(40, 14, 4)
^^^
-----------------------------------------------------------------------------------------------------------------
Time: 16
Waiting clients: (37, 17, 1)
(21, 18, 5)
(9, 21, 4)
(10, 23, 6)
(3, 24, 1)
(7, 24, 2)
(14, 24, 6)
(35, 24, 1)
(45, 24, 1)
(46, 24, 3)
(1, 25, 6)
(16, 25, 5)
(4, 26, 2)
(23, 26, 6)
(34, 26, 1)
(44, 26, 3)
(8, 27, 1)
(32, 27, 5)
(41, 27, 3)
(27, 28, 6)
(48, 28, 2)
(24, 29, 6)
(11, 30, 3)
(15, 30, 1)
(39, 30, 4)
(17, 33, 1)
(5, 35, 3)
(38, 35, 1)
(42, 35, 1)
(50, 35, 2)
(18, 37, 4)
(36, 37, 1)
(33, 38, 1)
___
Q1: (12, 11, 1)
(43, 15, 1)
(13, 16, 3)
^^^
Q2: (20, 10, 0)
(29, 12, 5)
^^^
Q3: (6, 10, 0)
(49, 13, 3)
^^^
Q4: (26, 10, 2)
^^^
Q5: (40, 14, 4)
(30, 16, 3)
^^^
-----------------------------------------------------------------------------------------------------------------
Time: 17
Waiting clients: (21, 18, 5)
(9, 21, 4)
(10, 23, 6)
(3, 24, 1)
(7, 24, 2)
(14, 24, 6)
(35, 24, 1)
(45, 24, 1)
(46, 24, 3)
(1, 25, 6)
(16, 25, 5)
(4, 26, 2)
(23, 26, 6)
(34, 26, 1)
(44, 26, 3)
(8, 27, 1)
(32, 27, 5)
(41, 27, 3)
(27, 28, 6)
(48, 28, 2)
(24, 29, 6)
(11, 30, 3)
(15, 30, 1)
(39, 30, 4)
(17, 33, 1)
(5, 35, 3)
(38, 35, 1)
(42, 35, 1)
(50, 35, 2)
(18, 37, 4)
(36, 37, 1)
(33, 38, 1)
___
Q1: (12, 11, 0)
(43, 15, 1)
(13, 16, 3)
^^^
Q2: (29, 12, 5)
^^^
Q3: (49, 13, 3)
(37, 17, 1)
^^^
Q4: (26, 10, 1)
^^^
Q5: (40, 14, 3)
(30, 16, 3)
^^^
-----------------------------------------------------------------------------------------------------------------
Time: 18
Waiting clients: (9, 21, 4)
(10, 23, 6)
(3, 24, 1)
(7, 24, 2)
(14, 24, 6)
(35, 24, 1)
(45, 24, 1)
(46, 24, 3)
(1, 25, 6)
(16, 25, 5)
(4, 26, 2)
(23, 26, 6)
(34, 26, 1)
(44, 26, 3)
(8, 27, 1)
(32, 27, 5)
(41, 27, 3)
(27, 28, 6)
(48, 28, 2)
(24, 29, 6)
(11, 30, 3)
(15, 30, 1)
(39, 30, 4)
(17, 33, 1)
(5, 35, 3)
(38, 35, 1)
(42, 35, 1)
(50, 35, 2)
(18, 37, 4)
(36, 37, 1)
(33, 38, 1)
___
Q1: (43, 15, 1)
(13, 16, 3)
(21, 18, 5)
^^^
Q2: (29, 12, 4)
^^^
Q3: (49, 13, 2)
(37, 17, 1)
^^^
Q4: (26, 10, 0)
^^^
Q5: (40, 14, 2)
(30, 16, 3)
^^^
-----------------------------------------------------------------------------------------------------------------
Time: 19
Waiting clients: (9, 21, 4)
(10, 23, 6)
(3, 24, 1)
(7, 24, 2)
(14, 24, 6)
(35, 24, 1)
(45, 24, 1)
(46, 24, 3)
(1, 25, 6)
(16, 25, 5)
(4, 26, 2)
(23, 26, 6)
(34, 26, 1)
(44, 26, 3)
(8, 27, 1)
(32, 27, 5)
(41, 27, 3)
(27, 28, 6)
(48, 28, 2)
(24, 29, 6)
(11, 30, 3)
(15, 30, 1)
(39, 30, 4)
(17, 33, 1)
(5, 35, 3)
(38, 35, 1)
(42, 35, 1)
(50, 35, 2)
(18, 37, 4)
(36, 37, 1)
(33, 38, 1)
___
Q1: (43, 15, 0)
(13, 16, 3)
(21, 18, 5)
^^^
Q2: (29, 12, 3)
^^^
Q3: (49, 13, 1)
(37, 17, 1)
^^^
Q4: closed
^^^
Q5: (40, 14, 1)
(30, 16, 3)
^^^
-----------------------------------------------------------------------------------------------------------------
Time: 20
Waiting clients: (9, 21, 4)
(10, 23, 6)
(3, 24, 1)
(7, 24, 2)
(14, 24, 6)
(35, 24, 1)
(45, 24, 1)
(46, 24, 3)
(1, 25, 6)
(16, 25, 5)
(4, 26, 2)
(23, 26, 6)
(34, 26, 1)
(44, 26, 3)
(8, 27, 1)
(32, 27, 5)
(41, 27, 3)
(27, 28, 6)
(48, 28, 2)
(24, 29, 6)
(11, 30, 3)
(15, 30, 1)
(39, 30, 4)
(17, 33, 1)
(5, 35, 3)
(38, 35, 1)
(42, 35, 1)
(50, 35, 2)
(18, 37, 4)
(36, 37, 1)
(33, 38, 1)
___
Q1: (13, 16, 3)
(21, 18, 5)
^^^
Q2: (29, 12, 2)
^^^
Q3: (49, 13, 0)
(37, 17, 1)
^^^
Q4: closed
^^^
Q5: (40, 14, 0)
(30, 16, 3)
^^^
-----------------------------------------------------------------------------------------------------------------
Time: 21
Waiting clients: (10, 23, 6)
(3, 24, 1)
(7, 24, 2)
(14, 24, 6)
(35, 24, 1)
(45, 24, 1)
(46, 24, 3)
(1, 25, 6)
(16, 25, 5)
(4, 26, 2)
(23, 26, 6)
(34, 26, 1)
(44, 26, 3)
(8, 27, 1)
(32, 27, 5)
(41, 27, 3)
(27, 28, 6)
(48, 28, 2)
(24, 29, 6)
(11, 30, 3)
(15, 30, 1)
(39, 30, 4)
(17, 33, 1)
(5, 35, 3)
(38, 35, 1)
(42, 35, 1)
(50, 35, 2)
(18, 37, 4)
(36, 37, 1)
(33, 38, 1)
___
Q1: (13, 16, 2)
(21, 18, 5)
^^^
Q2: (29, 12, 1)
^^^
Q3: (37, 17, 1)
^^^
Q4: (9, 21, 4)
^^^
Q5: (30, 16, 3)
^^^
-----------------------------------------------------------------------------------------------------------------
Time: 22
Waiting clients: (10, 23, 6)
(3, 24, 1)
(7, 24, 2)
(14, 24, 6)
(35, 24, 1)
(45, 24, 1)
(46, 24, 3)
(1, 25, 6)
(16, 25, 5)
(4, 26, 2)
(23, 26, 6)
(34, 26, 1)
(44, 26, 3)
(8, 27, 1)
(32, 27, 5)
(41, 27, 3)
(27, 28, 6)
(48, 28, 2)
(24, 29, 6)
(11, 30, 3)
(15, 30, 1)
(39, 30, 4)
(17, 33, 1)
(5, 35, 3)
(38, 35, 1)
(42, 35, 1)
(50, 35, 2)
(18, 37, 4)
(36, 37, 1)
(33, 38, 1)
___
Q1: (13, 16, 1)
(21, 18, 5)
^^^
Q2: (29, 12, 0)
^^^
Q3: (37, 17, 0)
^^^
Q4: (9, 21, 3)
^^^
Q5: (30, 16, 2)
^^^
-----------------------------------------------------------------------------------------------------------------
Time: 23
Waiting clients: (3, 24, 1)
(7, 24, 2)
(14, 24, 6)
(35, 24, 1)
(45, 24, 1)
(46, 24, 3)
(1, 25, 6)
(16, 25, 5)
(4, 26, 2)
(23, 26, 6)
(34, 26, 1)
(44, 26, 3)
(8, 27, 1)
(32, 27, 5)
(41, 27, 3)
(27, 28, 6)
(48, 28, 2)
(24, 29, 6)
(11, 30, 3)
(15, 30, 1)
(39, 30, 4)
(17, 33, 1)
(5, 35, 3)
(38, 35, 1)
(42, 35, 1)
(50, 35, 2)
(18, 37, 4)
(36, 37, 1)
(33, 38, 1)
___
Q1: (13, 16, 0)
(21, 18, 5)
^^^
Q2: (10, 23, 6)
^^^
Q3: closed
^^^
Q4: (9, 21, 2)
^^^
Q5: (30, 16, 1)
^^^
-----------------------------------------------------------------------------------------------------------------
Time: 24
Waiting clients: (1, 25, 6)
(16, 25, 5)
(4, 26, 2)
(23, 26, 6)
(34, 26, 1)
(44, 26, 3)
(8, 27, 1)
(32, 27, 5)
(41, 27, 3)
(27, 28, 6)
(48, 28, 2)
(24, 29, 6)
(11, 30, 3)
(15, 30, 1)
(39, 30, 4)
(17, 33, 1)
(5, 35, 3)
(38, 35, 1)
(42, 35, 1)
(50, 35, 2)
(18, 37, 4)
(36, 37, 1)
(33, 38, 1)
___
Q1: (21, 18, 5)
^^^
Q2: (10, 23, 5)
^^^
Q3: (3, 24, 1)
(7, 24, 2)
(14, 24, 6)
^^^
Q4: (9, 21, 1)
(45, 24, 1)
^^^
Q5: (30, 16, 0)
(35, 24, 1)
(46, 24, 3)
^^^
-----------------------------------------------------------------------------------------------------------------
Time: 25
Waiting clients: (4, 26, 2)
(23, 26, 6)
(34, 26, 1)
(44, 26, 3)
(8, 27, 1)
(32, 27, 5)
(41, 27, 3)
(27, 28, 6)
(48, 28, 2)
(24, 29, 6)
(11, 30, 3)
(15, 30, 1)
(39, 30, 4)
(17, 33, 1)
(5, 35, 3)
(38, 35, 1)
(42, 35, 1)
(50, 35, 2)
(18, 37, 4)
(36, 37, 1)
(33, 38, 1)
___
Q1: (21, 18, 4)
(16, 25, 5)
^^^
Q2: (10, 23, 4)
^^^
Q3: (3, 24, 0)
(7, 24, 2)
(14, 24, 6)
^^^
Q4: (9, 21, 0)
(45, 24, 1)
^^^
Q5: (35, 24, 1)
(46, 24, 3)
(1, 25, 6)
^^^
-----------------------------------------------------------------------------------------------------------------
Time: 26
Waiting clients: (8, 27, 1)
(32, 27, 5)
(41, 27, 3)
(27, 28, 6)
(48, 28, 2)
(24, 29, 6)
(11, 30, 3)
(15, 30, 1)
(39, 30, 4)
(17, 33, 1)
(5, 35, 3)
(38, 35, 1)
(42, 35, 1)
(50, 35, 2)
(18, 37, 4)
(36, 37, 1)
(33, 38, 1)
___
Q1: (21, 18, 3)
(16, 25, 5)
^^^
Q2: (10, 23, 3)
(34, 26, 1)
(44, 26, 3)
^^^
Q3: (7, 24, 2)
(14, 24, 6)
^^^
Q4: (45, 24, 1)
(4, 26, 2)
(23, 26, 6)
^^^
Q5: (35, 24, 0)
(46, 24, 3)
(1, 25, 6)
^^^
-----------------------------------------------------------------------------------------------------------------
Time: 27
Waiting clients: (27, 28, 6)
(48, 28, 2)
(24, 29, 6)
(11, 30, 3)
(15, 30, 1)
(39, 30, 4)
(17, 33, 1)
(5, 35, 3)
(38, 35, 1)
(42, 35, 1)
(50, 35, 2)
(18, 37, 4)
(36, 37, 1)
(33, 38, 1)
___
Q1: (21, 18, 0)
(16, 25, 5)
^^^
Q2: (10, 23, 0)
(34, 26, 1)
(44, 26, 3)
^^^
Q3: (14, 24, 6)
(8, 27, 1)
(32, 27, 5)
^^^
Q4: (4, 26, 1)
(23, 26, 6)
(41, 27, 3)
^^^
Q5: (46, 24, 1)
(1, 25, 6)
^^^
-----------------------------------------------------------------------------------------------------------------
Time: 28
Waiting clients: (24, 29, 6)
(11, 30, 3)
(15, 30, 1)
(39, 30, 4)
(17, 33, 1)
(5, 35, 3)
(38, 35, 1)
(42, 35, 1)
(50, 35, 2)
(18, 37, 4)
(36, 37, 1)
(33, 38, 1)
___
Q1: (16, 25, 5)
(48, 28, 2)
^^^
Q2: (34, 26, 1)
(44, 26, 3)
(27, 28, 6)
^^^
Q3: (14, 24, 5)
(8, 27, 1)
(32, 27, 5)
^^^
Q4: (4, 26, 0)
(23, 26, 6)
(41, 27, 3)
^^^
Q5: (46, 24, 0)
(1, 25, 6)
^^^
-----------------------------------------------------------------------------------------------------------------
Time: 29
Waiting clients: (11, 30, 3)
(15, 30, 1)
(39, 30, 4)
(17, 33, 1)
(5, 35, 3)
(38, 35, 1)
(42, 35, 1)
(50, 35, 2)
(18, 37, 4)
(36, 37, 1)
(33, 38, 1)
___
Q1: (16, 25, 4)
(48, 28, 2)
^^^
Q2: (34, 26, 0)
(44, 26, 3)
(27, 28, 6)
^^^
Q3: (14, 24, 4)
(8, 27, 1)
(32, 27, 5)
^^^
Q4: (23, 26, 6)
(41, 27, 3)
^^^
Q5: (1, 25, 6)
(24, 29, 6)
^^^
-----------------------------------------------------------------------------------------------------------------
Time: 30
Waiting clients: (17, 33, 1)
(5, 35, 3)
(38, 35, 1)
(42, 35, 1)
(50, 35, 2)
(18, 37, 4)
(36, 37, 1)
(33, 38, 1)
___
Q1: (16, 25, 3)
(48, 28, 2)
(11, 30, 3)
^^^
Q2: (44, 26, 3)
(27, 28, 6)
(15, 30, 1)
^^^
Q3: (14, 24, 3)
(8, 27, 1)
(32, 27, 5)
^^^
Q4: (23, 26, 5)
(41, 27, 3)
(39, 30, 4)
^^^
Q5: (1, 25, 5)
(24, 29, 6)
^^^
-----------------------------------------------------------------------------------------------------------------
Time: 31
Waiting clients: (17, 33, 1)
(5, 35, 3)
(38, 35, 1)
(42, 35, 1)
(50, 35, 2)
(18, 37, 4)
(36, 37, 1)
(33, 38, 1)
___
Q1: (16, 25, 2)
(48, 28, 2)
(11, 30, 3)
^^^
Q2: (44, 26, 2)
(27, 28, 6)
(15, 30, 1)
^^^
Q3: (14, 24, 2)
(8, 27, 1)
(32, 27, 5)
^^^
Q4: (23, 26, 4)
(41, 27, 3)
(39, 30, 4)
^^^
Q5: (1, 25, 4)
(24, 29, 6)
^^^
-----------------------------------------------------------------------------------------------------------------
Time: 32
Waiting clients: (17, 33, 1)
(5, 35, 3)
(38, 35, 1)
(42, 35, 1)
(50, 35, 2)
(18, 37, 4)
(36, 37, 1)
(33, 38, 1)
___
Q1: (16, 25, 1)
(48, 28, 2)
(11, 30, 3)
^^^
Q2: (44, 26, 2)
(27, 28, 6)
(15, 30, 1)
^^^
Q3: (14, 24, 2)
(8, 27, 1)
(32, 27, 5)
^^^
Q4: (23, 26, 3)
(41, 27, 3)
(39, 30, 4)
^^^
Q5: (1, 25, 3)
(24, 29, 6)
^^^
-----------------------------------------------------------------------------------------------------------------
Time: 33
Waiting clients: (5, 35, 3)
(38, 35, 1)
(42, 35, 1)
(50, 35, 2)
(18, 37, 4)
(36, 37, 1)
(33, 38, 1)
___
Q1: (48, 28, 2)
(11, 30, 3)
(17, 33, 1)
^^^
Q2: (44, 26, 0)
(27, 28, 6)
(15, 30, 1)
^^^
Q3: (14, 24, 0)
(8, 27, 1)
(32, 27, 5)
^^^
Q4: (23, 26, 2)
(41, 27, 3)
(39, 30, 4)
^^^
Q5: (1, 25, 2)
(24, 29, 6)
^^^
-----------------------------------------------------------------------------------------------------------------
Time: 34
Waiting clients: (5, 35, 3)
(38, 35, 1)
(42, 35, 1)
(50, 35, 2)
(18, 37, 4)
(36, 37, 1)
(33, 38, 1)
___
Q1: (48, 28, 1)
(11, 30, 3)
(17, 33, 1)
^^^
Q2: (27, 28, 6)
(15, 30, 1)
^^^
Q3: (8, 27, 1)
(32, 27, 5)
^^^
Q4: (23, 26, 1)
(41, 27, 3)
(39, 30, 4)
^^^
Q5: (1, 25, 1)
(24, 29, 6)
^^^
-----------------------------------------------------------------------------------------------------------------
Time: 35
Waiting clients: (18, 37, 4)
(36, 37, 1)
(33, 38, 1)
___
Q1: (11, 30, 3)
(17, 33, 1)
(5, 35, 3)
^^^
Q2: (27, 28, 4)
(15, 30, 1)
^^^
Q3: (32, 27, 5)
(38, 35, 1)
(42, 35, 1)
^^^
Q4: (41, 27, 3)
(39, 30, 4)
^^^
Q5: (24, 29, 6)
(50, 35, 2)
^^^
-----------------------------------------------------------------------------------------------------------------
Time: 36
Waiting clients: (18, 37, 4)
(36, 37, 1)
(33, 38, 1)
___
Q1: (11, 30, 2)
(17, 33, 1)
(5, 35, 3)
^^^
Q2: (27, 28, 3)
(15, 30, 1)
^^^
Q3: (32, 27, 4)
(38, 35, 1)
(42, 35, 1)
^^^
Q4: (41, 27, 2)
(39, 30, 4)
^^^
Q5: (24, 29, 5)
(50, 35, 2)
^^^
-----------------------------------------------------------------------------------------------------------------
Time: 37
Waiting clients: (33, 38, 1)
___
Q1: (17, 33, 1)
(5, 35, 3)
(18, 37, 4)
^^^
Q2: (27, 28, 0)
(15, 30, 1)
^^^
Q3: (32, 27, 1)
(38, 35, 1)
(42, 35, 1)
^^^
Q4: (39, 30, 4)
(36, 37, 1)
^^^
Q5: (24, 29, 2)
(50, 35, 2)
^^^
-----------------------------------------------------------------------------------------------------------------
Time: 38
Waiting clients: ___
Q1: (17, 33, 0)
(5, 35, 3)
(18, 37, 4)
^^^
Q2: (15, 30, 1)
(33, 38, 1)
^^^
Q3: (32, 27, 0)
(38, 35, 1)
(42, 35, 1)
^^^
Q4: (39, 30, 3)
(36, 37, 1)
^^^
Q5: (24, 29, 1)
(50, 35, 2)
^^^
-----------------------------------------------------------------------------------------------------------------
Time: 39
Waiting clients: ___
Q1: (17, 33, 0)
(5, 35, 3)
(18, 37, 4)
^^^
Q2: (15, 30, 0)
(33, 38, 1)
^^^
Q3: (38, 35, 1)
(42, 35, 1)
^^^
Q4: (39, 30, 2)
(36, 37, 1)
^^^
Q5: (24, 29, 0)
(50, 35, 2)
^^^
-----------------------------------------------------------------------------------------------------------------
Time: 40
Waiting clients: ___
Q1: (5, 35, 2)
(18, 37, 4)
^^^
Q2: (33, 38, 1)
^^^
Q3: (38, 35, 0)
(42, 35, 1)
^^^
Q4: (39, 30, 1)
(36, 37, 1)
^^^
Q5: (50, 35, 2)
^^^
-----------------------------------------------------------------------------------------------------------------
Time: 41
Waiting clients: ___
Q1: (5, 35, 1)
(18, 37, 4)
^^^
Q2: (33, 38, 0)
^^^
Q3: (42, 35, 1)
^^^
Q4: (39, 30, 0)
(36, 37, 1)
^^^
Q5: (50, 35, 1)
^^^
-----------------------------------------------------------------------------------------------------------------
Time: 42
Waiting clients: ___
Q1: (5, 35, 0)
(18, 37, 4)
^^^
Q2: closed
^^^
Q3: (42, 35, 0)
^^^
Q4: (36, 37, 1)
^^^
Q5: (50, 35, 0)
^^^
-----------------------------------------------------------------------------------------------------------------
Time: 43
Waiting clients: ___
Q1: (18, 37, 4)
^^^
Q2: closed
^^^
Q3: closed
^^^
Q4: (36, 37, 0)
^^^
Q5: closed
^^^
-----------------------------------------------------------------------------------------------------------------
Time: 44
Waiting clients: ___
Q1: (18, 37, 3)
^^^
Q2: closed
^^^
Q3: closed
^^^
Q4: closed
^^^
Q5: closed
^^^
-----------------------------------------------------------------------------------------------------------------
Time: 45
Waiting clients: ___
Q1: (18, 37, 2)
^^^
Q2: closed
^^^
Q3: closed
^^^
Q4: closed
^^^
Q5: closed
^^^
-----------------------------------------------------------------------------------------------------------------
Time: 46
Waiting clients: ___
Q1: (18, 37, 1)
^^^
Q2: closed
^^^
Q3: closed
^^^
Q4: closed
^^^
Q5: closed
^^^
-----------------------------------------------------------------------------------------------------------------
Time: 47
Waiting clients: ___
Q1: (18, 37, 0)
^^^
Q2: closed
^^^
Q3: closed
^^^
Q4: closed
^^^
Q5: closed
^^^
-----------------------------------------------------------------------------------------------------------------
Time: 48
Waiting clients: ___
Q1: closed
^^^
Q2: closed
^^^
Q3: closed
^^^
Q4: closed
^^^
Q5: closed
^^^
-----------------------------------------------------------------------------------------------------------------
Time: 49
Waiting clients: ___
Q1: closed
^^^
Q2: closed
^^^
Q3: closed
^^^
Q4: closed
^^^
Q5: closed
^^^
-----------------------------------------------------------------------------------------------------------------
Time: 50
Waiting clients: ___
Q1: closed
^^^
Q2: closed
^^^
Q3: closed
^^^
Q4: closed
^^^
Q5: closed
^^^
-----------------------------------------------------------------------------------------------------------------
Time: 51
Waiting clients: ___
Q1: closed
^^^
Q2: closed
^^^
Q3: closed
^^^
Q4: closed
^^^
Q5: closed
^^^
-----------------------------------------------------------------------------------------------------------------
Time: 52
Waiting clients: ___
Q1: closed
^^^
Q2: closed
^^^
Q3: closed
^^^
Q4: closed
^^^
Q5: closed
^^^
-----------------------------------------------------------------------------------------------------------------
Time: 53
Waiting clients: ___
Q1: closed
^^^
Q2: closed
^^^
Q3: closed
^^^
Q4: closed
^^^
Q5: closed
^^^
-----------------------------------------------------------------------------------------------------------------
Time: 54
Waiting clients: ___
Q1: closed
^^^
Q2: closed
^^^
Q3: closed
^^^
Q4: closed
^^^
Q5: closed
^^^
-----------------------------------------------------------------------------------------------------------------
Time: 55
Waiting clients: ___
Q1: closed
^^^
Q2: closed
^^^
Q3: closed
^^^
Q4: closed
^^^
Q5: closed
^^^
-----------------------------------------------------------------------------------------------------------------
Time: 56
Waiting clients: ___
Q1: closed
^^^
Q2: closed
^^^
Q3: closed
^^^
Q4: closed
^^^
Q5: closed
^^^
-----------------------------------------------------------------------------------------------------------------
Time: 57
Waiting clients: ___
Q1: closed
^^^
Q2: closed
^^^
Q3: closed
^^^
Q4: closed
^^^
Q5: closed
^^^
-----------------------------------------------------------------------------------------------------------------
Time: 58
Waiting clients: ___
Q1: closed
^^^
Q2: closed
^^^
Q3: closed
^^^
Q4: closed
^^^
Q5: closed
^^^
-----------------------------------------------------------------------------------------------------------------
Time: 59
Waiting clients: ___
Q1: closed
^^^
Q2: closed
^^^
Q3: closed
^^^
Q4: closed
^^^
Q5: closed
^^^
-----------------------------------------------------------------------------------------------------------------
Final stats:
~ ~ ~ ~ ~ ~
Average waiting time was 31,80s
Average processing time was 3,18s
The Peak "Second" was 30
The shop is closed now. Go home!
